748
941
1054
1270
1375
1660
1456
1488
1449
1413
1510
1575
1570
1741
1985
2333
2124
2658
2329
2563
2709
2344
2655
2922
2607
3075
3303
3498
3698
4003
3636
3671
3559
3358
4298
4718
4612
5203
5686
6133
5890
7736
7184
7658
7824
7716
8673
8887
8583
8854
8894
9036
8821
10409
9161
8049
7212
6683
6916
6367
5761
5790
5745
6101
5872
5649
5070
4916
4606
4032
4926
4779
4082
4288
4834
5178
4600
5801
4341
4452
4168
3731
4238
4510
3961
4184
4523
5168
5051
5498
4705
4897
4553
3812
4551
4586
3929
4086
4988
5320
4808
6366
4918
4983
4517
3917
4430
5173
4419
4530
5008
5676
5020
6563
5090
4873
4377
3710
4485
4747
3922
4319
4948
5741
6201
6433
5784
5407
4720
4101
4828
4676
4714
5509
6042
6865
6538
8916
6519
6171
5575
5045
5698
6078
5652
6366
7263
8167
7799
10005
6738
6331
5838
4940
6330
7012
5883
6494
7940
8873
11268
9458
8598
8571
