5794
7876
13362
20238
22557
27477
20187
13448
8587
7271
8098
8243
7338
10275
16124
20945
22626
30591
23207
16548
10034
8324
9039
9311
7267
10195
16700
25616
29651
34187
24853
16915
10417
8744
9671
10637
8489
11093
17332
26492
32324
38572
31620
20217
12923
11210
12072
12070
10301
13463
20048
29738
35447
42095
32805
23706
15109
12470
13663
14548
11916
14965
21626
34045
39638
46140
34924
25436
15618
13050
14196
14625
11719
15108
22665
33826
39908
47565
37183
23989
15028
17832
19787
14933
11533
14923
22959
33580
39849
50406
37373
27351
16201
12761
13627
14271
11295
14573
23166
34409
41071
51655
38885
25505
14538
11332
12146
12849
10000
14020
21679
31752
39259
50961
41068
25387
15026
12273
12563
13101
9749
13222
20171
30395
36604
44999
32932
21933
12852
10372
10742
10658
8994
12544
19914
30752
36916
44126
31052
19735
10955
8519
9168
9574
7754
10433
17259
26844
33059
39129
26515
18149
9864
6749
7473
8567
13462
16085
16459
25851
30247
34750
24412
15446
