17244
18090
16750
25909
27228
19461
19200
19595
12564
10987
14797
14519
18084
17229
17185
29083
32261
22110
21207
22816
13260
11684
15983
14995
20482
18278
19216
30673
34312
23688
24244
23411
15537
14731
19502
17893
21035
21364
19117
30184
34693
23864
25614
22967
15876
14643
20643
17266
20382
20872
19982
33851
37393
26940
26607
26960
17241
15457
21586
18061
23311
22890
22447
38900
44220
31328
30589
32308
19846
18048
24947
21124
27120
24807
22556
41475
47896
30735
32720
28763
19789
18911
22708
20774
28294
24953
23416
41178
47382
32100
31889
32407
20856
18940
24574
22771
27567
28597
26032
43700
47711
33144
32240
31548
20797
19295
27078
24142
27985
27707
26069
45046
51000
34953
37767
31284
21852
20149
27052
25021
28455
27003
27016
47325
50701
34098
32725
32983
22484
20837
30154
26809
31161
29696
28914
51677
56626
36793
37293
34758
22548
21779
31846
27650
32489
30139
29460
52646
57865
37081
34237
34929
21344
19494
29388
27611
31632
30368
28707
53294
56917
35432
33189
33363
