6093
5039
6112
6670
6008
7478
7341
5030
4275
3758
5755
8693
6091
5119
6743
6805
6108
7778
7345
5010
4477
3762
6220
9707
6558
5494
7665
7204
7194
8889
8495
5866
5458
4539
6117
9982
7010
5508
6303
6831
6693
8493
8724
6323
5725
4372
6923
10096
6916
6739
8092
8419
7845
9354
9568
6422
5202
4490
6640
9284
7447
6471
7908
8261
7448
8917
9258
6241
5818
4625
5966
8713
6289
5570
7458
7032
6839
8310
8098
5502
4806
4062
5146
7261
5662
5056
6412
6181
6180
8156
7975
4952
4439
3986
5209
7353
5317
4518
6076
5345
5139
6471
7128
4104
3571
3398
4358
6373
4691
3976
5514
4930
4659
6289
7200
4170
3636
3282
4121
5990
4258
3745
4251
4447
4121
5530
6138
3409
2565
2067
2635
3992
3664
3164
3674
4069
4210
5892
6119
3471
3185
2769
3475
4779
3694
3485
4069
3874
4057
5306
4888
2518
2410
2616
3013
4849
3633
2712
3329
3365
3368
4641
5221
2690
